 

541 Α SUR LE DEUTER. OHAP. VII. 542

Et 99 19919 , 13199 99 regu-de point 199919919 9
99911 199 hommes selon 19919 19119119, 999911 11 1991
991919 dee afflictione: 91919 11 1991 9191991 1991
99119999, 11 199 1991 1911191 119 99 1999119 191, 969
99’119 n’y 991991 99191 1991 enveloppez: 11 199 1991
1191911191, 969 qu'ile 99 eognoieeent tole qu’ile 9991,
91 99’119 9111199991. Ainei 13199, 11’991991 99’11 9
99999999 9 999999 9991 affligen- 199 61191199, 99 1991
999 999 noue faeiene 999 reigle egele, 9991 11119
99’11 199 99911 99199 19919 forfeite: 19919 quoy qu'il
99 9911 991999, 9’9999199 999 13199 199 9919111991,
11 919919 191999 9 99 19119, 91 99 1991 feroit point
de 1911. 1199199ΐοὶ11 11 9999 faut regarder 9 99 999
1111 991991 Paul 99 8. dee Romaine, 91 9999 999-
199191 119 oola: Que 199199 9119999 9991 9991911199
99 9199 9 oeux 991 9119991 131991 999 99 9’991 99191
9991 199 111191111, 99 9991 199 1999191 119 1991 salut:
111919 plustost que 99 9991 991991 11’911199. Voila
pour 99 11919. 01 9999911991 91 voit-on 999 19
grene 119 Ι)199 99 1991 11961191 99191 991191 199
:fflietione 91 miseros qu’ils 9911919111. Il 991 vray
qu’ile 99 1199191991 99 991991 199 999999 1991 991991
11111ξέ ξέοἷῗιέὴὲζεεοὲ ῧοξὲᾚῷοἷῗιίἳ ¹} {afflasti-luge
ggfflzggnqu'lloleen 11311111, (13111 100⁹th ρξὲἓῖωὲῗῐῼιξῗῑξὲ
ἓῶῗοξέἷῃῗὲἓξξὲἶἋῗιῑέιὲ“ρέἳιῖἱὶἶῖ“ἐίηξωὲέέὲῖοἳὲἕ
13199, 999 99 ferent point 199 1999911999 991 99 199-
gent 19 dedans, qn’eneoree qn'ile 1119911991 119 9’99-
eoepit, 969 119 9’91911 99999 191991119 119 9999919999
991 199 1111191119, 91 qu’ile voudroyent 1999199 999119
nature estre eomme ineeneez: 91 eet-ee que 13199
9999199 99 199 191999 99191 tellement 9 19999, 99’119
91991 99991 999 tempe en leur 9999119999, 99’991991
199 povres 6119199 99 1991 9911919, 991 99 99919919-
1991 119 1991· 99 19911919919, 119 9119911991 999 13199
199 999111999, 119 99 1919911991 9 13199, 91 l'invoqnent:
et puis 999911 119 9’991 99191 19919 9991111119 , 119
pensent, 91 9199, mon Dieu 99 191999 99191 119 1911-
191 991 moy, 19 199 ‘remote 99 99 91911119999, 91 199
ᾞζᾍῖἓξέ“111ζοῗζέγΐέ“ἶὲῗ,ῗῗὲ 13ζὲἀὲἶέἸῶἓῖ
(11911999 91 99199199, 99 19199991 99191 d'eetre benite
de Dleu. 01 199999 19919199991 aux 19919119199.
11 991 vray 999 13199 9999911 9199 991 eux de 999
greces 191999191199, 99119 991991 99 99919, 99’119
ffiwzz‘fffffimd⁰2:2⁰”0’0n030311'0220 ssifflffisszt
11 eet 119 999 91 99 demando 19 99919 119 99199,
91 91911. 99991 ee 9991111, 1991 9919 9’991-99 99191
19359131111191· .. ³22¹} 19119
119 13199, 1991 991 199199 99 1991, d’autant qu’ile
9991 99911199 91 991199 , 91 99’99 munient 199 919999
119 13199, 119 199 99119991. Π 1991 11999 999 1’911119

119 991919 9911 191 perverti: 11’991991 999 199 199-
9911999 9991 919199 119 991191199 , 91 119 99911199199,
119 99 1199191991 19991191· 1199 991 9911 1199 91999 119
13199, 99’119 99 199 11911199991 91 99119199991. 11
faut done que tout eur 9911 199199 99 9991191999-
1199. Ε1 9919 9999 voyone 9919919 11 99 19. Les
latrone (19 111 9991 991 9991 91199999 9 fraudes, 91
9 1991999) 991991-119 99999999 amasne? Ile 99 9991
19911999191. 1991 19 191999 119 1991· vie: 91 999119
1991999999 99 ont-ile? 13199 99 veuge d'eux: 991 119
9991 9969191999 d’une 19119 9991911199, 99’119 99 99111
1919919 9 repoe: 91 9999911991 119 99 99 9991991
9199 19119 119 9199 99’119 991991 91991 1991 999919.
01 99 19 69 meurent-ile? Voila 1991 991 9919 1119-
9199. Comme 99 1911 999 19 1319919 9919 999 11-
99999 119 199191991 9991 99ὀ9 99111911 99119 bien
fondez , qu’on peneoit qu'ile 119999991 1191999191 199-
9999 99 19 69 119 1999119, 99ὀ9 991 1991 9999111
99’99 99 moment 199 19119 119 1991 99191999. Et
il y 9 9999199 9199, 9’991 999 199 91999 99’119 au·
1991 91991 91999999 9 19919 991999, 1991 991991 99-
1991 119 9911199911 9991 199 919991 99 gibet: 999
99199 19 1999119 19991999 119 991991 malhenreux, qu'on
31ῗέΞίῗὲΠῖἓὶ ῒᾈῖἓὲἰῗ 111ἐῖ18111ῖέἫίἳὲῗὲῑῇ
1919991 99 191 19999119 91 191919 99ὀ9 fait 9 99
19919919, 999911 99 99 1199991119 91991 9 mal: 999
9’11 99 99911 199 99199 99 19919 991999999, l’exeeu-
tion eet 19991199 991 199 enfans , quoy qu’il tarde.
Ainei 11999 991999 999 99 9’991 99191 9999 99999
999 13199 1199111119 qu’il 999119 mesmes 99199 19
monde ceux 991 1’991991 99111. Et 19119 pom-quoy
991991 Ρ991 dit: Que 19 9191919 119 Dieu 9’9. 99191
seulement 199 9191999999 119 19 119 119199119119, maie
99991 119 99919 119 191119999. Que 91 11999 91191111-
9999 99 19 9191919 119 13199, 999 9991919991 9999
991999 99999199 99’11 9999 9 99919919 999 1191111199
19 hant: 91919 9999911991 999 nous 991999 9 vivre
en 99 1999119, 99’11 9999 999119119, 999 9999 991999
9999 99 9191991199, 99’11 99 9911991119 99191 999
1199 9999 1191191119, 991991 99’11 99399191 9’11 9999
fait 999919. 11 991 vray que 199919919 199 9999
19119999919 199 1991999911, 99911991 9199 999 9999
99191999 991 1199 91199999 9 999 9119999 terrestres:
91 11 9999 99 1991 1911191, 969 999 9999 99991999
1919911 19191 19 19919 99 9191, 91 9991191· eux 91999
991 9999 y 9991 9991991911. Et ainsi quand Dieu
9999 199119191 999 greces, ainsi qn’on 19 1911, 9’991
9 11119, qu’il 9999 119999 119 999 91999 99 petite
portion, 91 maigre: 9’991 969 999 9999 99 soyone
point empeeehez ‹l'as 1191 1911919919 9199 99119 9991
91191 111911 9 luy. 9119 11999 99 999 9999 91999
9 99191 99 99 passage. Et ainsi servans 9 999119
13199, 999 9999 99 119911999 99191, 999 19999199
99199 19 9199119 11 99 9999 9991999, 91 9999 1999
prosperet 9199 999 199 moechans: voire eombien

